150 61 189 81 11 105 224 56 169 216 247 12 36 193 107 97 82 245 218 46 220 195 106 209 57 25 93 83 221 237 230 238 173 219 59 204 183 16 236 18 32 102 115 29 93 208 12 11 166 249 199 126 168 40 219 156 123 103 61 91 211 228 113 251 122 151 161 212 254 37 236 81 167 5 0 61 171 225 235 61 165 63 46 158 68 96 19 81 64 104 65 52 147 192 142 148 229 185 20 239 
72 114 135 254 37 251 198 242 118 186 175 255 54 14 56 23 22 51 187 248 114 102 146 104 131 73 228 191 214 136 190 167 253 189 102 32 132 145 236 199 39 36 1 87 65 176 12 112 136 105 123 151 248 167 87 127 13 70 28 134 53 77 199 131 133 207 48 191 171 15 154 65 36 231 137 79 175 107 212 49 1 201 250 56 186 116 185 255 152 129 221 241 234 81 87 11 72 112 142 227 
130 189 250 234 214 203 238 238 102 136 181 227 233 28 225 226 160 20 224 114 139 192 208 7 222 217 148 200 175 103 40 149 241 226 49 73 165 152 217 60 79 78 217 13 167 42 215 158 146 209 243 95 80 204 157 208 247 48 169 65 32 126 165 220 224 200 106 230 250 21 241 66 82 7 104 55 165 187 133 115 120 241 27 79 78 109 235 84 30 157 188 254 4 123 174 193 55 181 203 74 
59 11 223 7 88 249 137 233 74 151 147 105 58 189 127 201 237 106 98 156 60 103 246 136 196 39 234 75 222 242 124 252 210 67 74 147 71 110 101 172 254 133 168 136 192 125 72 85 149 141 171 175 55 215 126 102 198 74 2 130 189 199 166 132 37 130 219 239 9 172 36 7 41 79 108 217 242 121 157 123 174 156 110 149 249 53 125 32 116 172 157 110 189 123 113 107 158 147 58 34 
132 251 237 131 51 187 137 99 185 248 167 196 160 96 82 87 104 201 26 63 53 20 100 24 196 88 4 56 163 61 14 52 162 165 232 166 133 146 164 46 251 68 141 183 212 161 0 252 110 218 126 74 112 76 254 135 187 164 136 115 158 71 255 46 73 241 63 251 133 155 104 67 162 163 120 221 176 39 32 140 242 177 208 201 143 26 21 195 139 168 36 165 246 122 183 23 99 38 23 7 
156 160 122 169 148 94 144 188 157 185 89 16 219 151 57 69 249 71 78 213 26 172 1 85 19 158 219 247 215 141 155 84 50 103 133 104 187 188 252 222 4 33 83 142 19 210 225 69 22 155 83 196 82 248 70 11 93 123 22 215 141 110 240 105 176 186 47 137 253 7 229 203 75 37 183 17 129 170 239 81 78 221 204 152 26 211 28 79 60 216 13 190 109 17 65 206 124 95 32 19 
68 133 114 9 220 142 45 158 13 105 139 241 9 215 96 90 89 135 171 170 24 126 107 180 95 189 180 12 0 30 1 14 119 128 204 34 29 35 92 63 159 85 223 174 175 79 184 17 249 90 26 163 89 54 214 193 75 187 113 170 163 193 122 131 126 62 26 158 120 174 237 251 31 184 16 15 168 14 124 197 225 149 146 195 103 198 246 238 25 84 161 48 204 14 50 121 65 8 133 3 
84 245 135 219 117 216 73 157 92 220 83 126 249 127 58 144 170 246 117 66 177 205 108 38 229 207 210 248 167 37 53 219 24 194 211 229 138 254 176 222 52 128 229 69 41 98 59 148 139 144 248 198 251 113 249 21 85 202 1 8 154 223 81 173 46 219 121 35 68 113 109 92 150 196 219 33 89 132 188 87 112 90 42 128 224 135 113 133 132 200 104 178 2 124 2 2 253 8 32 157 
140 123 169 159 235 110 221 27 113 47 230 96 194 30 176 122 70 86 251 252 218 144 175 253 197 69 111 97 237 19 112 90 75 98 140 45 156 71 146 58 89 169 225 55 234 162 53 188 23 39 192 4 191 236 125 242 204 130 193 82 102 194 19 98 103 111 61 144 15 23 163 134 250 58 212 100 78 175 95 76 57 66 232 36 155 162 122 151 255 123 31 93 208 223 174 189 202 234 229 80 
174 166 183 7 58 44 231 111 88 12 214 52 150 239 154 229 214 123 79 246 70 119 178 11 147 48 236 116 90 27 171 243 224 187 119 198 2 197 68 225 111 131 67 124 20 118 254 205 216 63 164 23 138 192 161 227 23 126 114 141 1 73 184 3 12 32 139 202 59 79 16 66 250 218 78 42 157 30 61 102 9 182 32 0 177 156 21 110 197 144 235 19 165 190 51 8 156 155 154 27 
203 16 118 24 99 218 158 72 24 49 127 56 210 167 108 187 165 84 54 50 3 48 253 11 48 192 69 136 247 245 76 194 156 81 156 237 17 75 220 221 108 245 235 201 153 220 48 80 76 47 43 185 58 36 80 127 137 152 22 13 133 246 75 198 148 89 170 72 108 245 175 242 131 179 170 164 199 27 19 197 144 119 29 139 211 53 141 118 152 142 205 30 174 101 60 47 157 114 201 178 
220 159 192 142 68 178 227 78 197 45 189 36 88 114 51 46 52 43 92 249 69 233 147 68 218 11 202 6 158 226 33 178 201 19 183 185 151 60 191 80 250 218 215 117 139 106 150 44 199 206 100 15 120 243 143 5 113 177 155 82 126 242 217 208 155 23 59 123 100 151 102 51 205 233 9 190 19 165 109 13 243 230 78 192 25 242 234 236 219 29 87 27 39 234 25 148 186 116 244 221 
147 12 255 127 168 36 250 9 215 108 225 87 31 58 193 20 16 47 203 126 128 24 167 105 128 18 11 135 143 242 139 230 13 227 179 186 242 81 83 93 191 6 26 148 181 147 102 20 69 242 91 69 201 105 51 69 113 177 212 48 128 88 168 159 184 100 169 110 18 57 187 195 179 189 63 75 28 185 229 199 161 131 193 200 28 218 162 182 226 17 159 23 246 112 242 14 125 215 10 34 
114 164 219 65 155 215 121 5 188 116 229 54 10 41 38 143 226 49 156 197 187 120 146 197 90 0 18 61 69 131 253 95 121 90 91 226 95 157 239 73 253 140 14 103 105 45 178 35 132 55 203 121 228 47 213 193 18 209 175 52 246 177 171 172 143 34 226 171 232 87 202 159 71 200 10 100 167 215 140 11 104 180 212 218 70 126 145 147 136 171 114 250 121 169 59 145 28 197 24 166 
28 77 49 143 2 241 126 53 170 111 221 207 248 112 98 240 199 172 238 196 34 85 3 150 183 179 214 150 136 12 166 218 228 198 77 162 150 207 21 224 92 61 204 248 155 50 27 196 80 3 19 219 74 153 9 19 151 23 164 68 60 188 52 79 41 12 69 95 107 42 117 111 164 137 130 13 184 195 167 93 202 201 41 96 103 61 45 118 0 28 204 34 158 160 105 14 209 101 66 79 
233 202 70 233 105 154 39 150 185 236 175 195 27 71 87 220 224 10 22 201 220 11 119 185 23 127 238 30 197 26 108 248 121 119 49 87 149 185 226 27 5 115 219 255 45 197 198 214 31 200 108 20 18 44 204 143 16 32 106 135 238 114 234 228 129 248 221 192 15 46 219 37 4 32 210 24 230 139 157 214 139 63 217 93 138 199 244 46 239 76 134 82 51 183 229 155 107 22 244 44 
191 65 59 59 30 189 61 22 48 224 5 100 140 54 3 174 44 36 22 30 29 203 234 134 123 47 132 163 157 153 27 164 141 58 42 230 187 16 195 2 242 14 38 9 138 119 146 14 224 139 91 229 3 101 61 43 176 36 240 134 129 73 252 46 97 96 207 173 67 227 13 227 20 91 39 76 237 200 47 134 142 67 235 13 8 226 40 74 185 220 80 204 125 237 63 213 35 252 83 24 
30 252 194 193 125 16 49 182 30 242 130 28 30 149 237 30 147 9 82 233 126 160 205 251 251 79 140 158 187 86 221 175 180 35 139 164 23 116 107 206 131 189 50 218 120 201 137 158 14 163 100 19 231 183 143 157 98 53 137 147 17 182 150 251 110 34 16 149 201 209 254 28 133 240 232 200 132 39 233 23 224 120 5 205 220 107 189 57 26 104 225 187 14 100 166 131 178 192 248 155 
123 109 17 40 140 85 75 237 43 246 50 16 113 80 222 33 69 2 128 88 139 176 58 30 152 167 52 207 233 196 236 191 21 146 205 123 1 178 4 81 83 128 143 18 41 243 150 22 10 197 255 129 29 212 61 197 152 201 104 104 124 247 147 8 128 134 90 156 74 208 186 252 229 11 38 164 112 41 214 180 19 252 99 60 56 158 145 183 247 16 107 213 209 33 150 126 162 145 223 19 
209 119 22 247 202 224 31 78 174 185 70 4 72 239 211 17 68 212 222 252 155 197 101 158 82 10 156 41 100 253 132 105 253 110 191 73 232 71 163 152 75 108 141 13 146 229 120 137 169 63 206 157 110 47 125 76 102 121 78 18 174 16 115 37 53 127 94 250 41 135 218 11 175 10 84 216 215 40 121 43 207 167 7 161 87 152 220 102 116 55 84 64 105 20 209 207 227 112 155 19 
116 234 235 46 66 91 66 107 1 254 255 128 30 212 49 16 61 70 170 116 230 13 85 187 123 79 201 239 110 10 29 154 176 182 254 137 109 38 0 208 246 176 50 15 255 141 245 243 10 130 14 255 35 192 249 140 206 10 128 14 62 21 141 154 199 52 61 165 150 53 53 15 160 133 57 96 216 155 251 81 165 148 48 142 147 27 233 186 73 140 33 179 187 89 146 24 160 172 206 9 
39 78 138 46 229 199 61 251 18 199 234 50 246 196 57 169 158 229 205 77 211 31 210 103 77 158 213 30 35 102 217 61 134 58 167 55 175 188 101 105 22 215 106 158 229 90 81 216 172 229 76 78 86 9 187 177 92 171 254 179 56 169 135 202 29 193 51 49 229 174 218 49 75 147 37 158 90 157 159 164 37 228 15 196 185 147 6 25 80 73 180 224 199 191 255 55 82 170 215 37 
111 227 195 219 24 197 192 57 61 214 76 148 113 170 190 183 228 5 216 39 145 64 159 172 184 238 106 12 143 191 58 26 53 164 73 239 231 51 230 120 118 78 127 49 248 255 0 47 190 167 92 100 135 88 104 31 243 127 240 210 59 198 5 24 30 56 148 246 31 166 61 97 237 74 97 1 35 171 125 53 49 192 183 87 154 88 183 65 97 186 184 16 189 136 223 40 20 233 203 120 
39 230 109 255 139 21 26 142 88 117 222 208 37 154 20 137 51 10 51 27 232 230 235 78 127 205 113 80 255 253 23 251 105 187 31 87 54 246 209 96 0 39 203 9 128 123 153 128 184 52 133 180 113 76 176 21 232 92 98 154 197 189 159 9 76 237 251 115 215 52 175 253 132 135 235 231 43 172 110 198 147 159 85 20 229 53 48 235 96 255 91 14 79 113 140 41 56 67 168 90 
87 24 219 239 74 94 231 114 14 117 188 227 42 19 74 68 42 231 147 91 79 124 4 179 133 97 5 228 149 135 207 20 156 234 125 190 188 115 102 178 17 29 171 93 231 88 12 75 42 171 0 234 29 156 4 145 79 212 51 192 204 127 23 170 144 242 191 240 65 144 17 176 29 238 98 190 49 53 68 49 203 200 159 34 51 39 4 176 150 20 61 71 67 244 41 35 26 119 199 15 
64 123 144 115 24 46 10 141 111 115 154 255 247 136 153 138 247 229 171 25 64 103 76 1 99 173 172 135 33 195 189 163 35 253 138 3 236 38 202 83 11 218 181 188 149 49 22 170 210 158 162 211 55 22 136 117 148 116 73 222 143 28 202 50 81 222 168 105 127 30 203 151 108 50 62 112 141 12 61 11 45 25 144 230 97 104 24 43 63 15 168 49 75 203 22 70 50 230 145 172 
187 94 52 225 250 67 220 35 199 97 55 52 110 31 30 91 168 167 37 171 202 71 112 135 61 23 200 102 46 221 237 212 134 45 46 186 29 213 56 222 42 120 44 173 255 120 244 57 243 25 214 126 159 228 73 233 77 74 8 27 173 138 102 234 202 213 225 168 61 175 249 168 160 152 67 255 70 236 185 136 41 8 84 43 36 174 221 94 99 171 0 235 23 182 162 244 110 156 116 53 
194 154 200 138 17 10 164 177 173 67 21 80 52 186 198 58 195 109 209 238 103 129 213 97 212 41 73 253 90 203 16 233 20 94 77 139 99 23 120 75 154 68 178 154 251 120 85 51 227 232 208 161 65 21 178 2 76 171 4 10 118 169 220 75 155 195 47 179 127 5 231 86 119 184 53 109 102 137 41 159 235 232 128 128 217 175 189 88 232 4 123 37 170 128 1 227 192 145 23 10 
77 28 24 89 171 103 73 210 93 55 105 6 69 53 137 146 23 150 30 234 14 251 85 85 222 150 166 57 233 143 172 153 181 166 52 220 158 25 148 208 200 200 62 238 88 151 148 224 228 20 254 64 39 90 58 163 250 53 244 214 128 134 151 103 160 233 98 103 184 150 190 111 143 133 207 225 140 214 73 112 38 111 133 227 156 231 212 21 230 163 19 65 235 62 127 124 244 46 203 131 
97 165 112 183 155 182 69 102 73 185 79 76 199 240 218 90 211 107 200 182 138 40 42 2 148 127 13 225 155 189 150 183 1 16 82 177 210 163 199 6 247 9 79 124 173 223 38 45 54 173 193 139 206 14 97 162 225 17 233 157 123 222 236 140 0 157 11 100 29 147 126 71 254 142 240 6 194 132 144 229 44 119 101 158 155 155 225 168 60 187 186 184 126 217 245 137 198 21 68 217 
101 208 145 180 199 16 219 244 236 38 65 9 28 143 92 246 215 25 210 156 12 70 40 59 139 245 216 54 187 63 164 22 144 160 41 210 184 87 183 78 21 15 96 33 112 190 79 155 108 206 92 7 184 123 221 45 137 124 190 27 72 229 212 37 135 76 110 43 58 42 45 26 36 133 22 181 143 204 230 150 64 3 165 111 170 31 126 150 98 180 206 193 211 205 123 14 51 27 135 70 
182 83 229 98 1 209 139 78 225 129 200 238 61 255 216 95 73 253 182 127 253 230 49 175 198 192 66 215 123 87 157 171 146 152 134 45 148 59 230 115 206 165 158 171 74 12 27 92 253 220 42 239 66 89 14 109 135 134 209 138 70 70 215 227 56 194 185 132 197 10 80 173 190 255 15 214 78 112 150 240 46 131 133 238 25 87 142 132 128 231 207 46 126 50 94 117 14 153 37 110 
124 136 240 131 25 88 196 117 51 116 115 162 68 187 109 132 106 38 217 123 23 171 228 204 10 97 89 233 126 228 115 243 161 251 239 125 71 120 100 147 224 96 215 250 167 76 138 186 29 15 22 218 182 153 185 107 210 28 241 200 238 109 74 27 28 172 116 35 176 39 152 53 61 124 236 129 192 254 134 151 26 90 110 42 196 123 246 19 190 170 78 152 200 250 83 239 213 227 168 254 
189 45 8 101 50 15 218 190 245 153 6 35 73 79 8 241 169 23 67 204 182 85 151 228 115 84 53 118 180 232 178 149 212 81 91 42 167 99 201 58 175 228 181 103 147 54 13 186 204 53 70 159 162 99 245 49 87 67 153 184 162 2 187 112 95 92 58 141 132 190 224 123 87 168 56 106 222 86 164 10 151 159 170 147 106 29 143 9 220 142 39 190 133 122 235 24 196 23 76 148 
177 105 71 11 83 173 58 53 20 248 246 107 113 28 21 177 246 203 142 243 106 255 134 143 71 152 105 20 109 71 58 73 22 172 39 114 13 187 97 206 27 100 42 100 194 115 48 0 46 181 25 120 105 92 95 51 206 164 94 236 192 183 171 180 156 206 168 54 235 154 85 63 221 226 105 126 243 109 162 136 251 34 89 30 65 110 89 179 4 230 241 41 39 46 72 220 41 25 241 225 
87 17 191 144 64 186 219 63 106 210 19 81 67 92 117 112 90 253 29 22 207 166 75 82 9 115 185 201 166 211 43 251 184 234 71 199 46 51 167 49 144 106 45 100 240 169 150 243 29 209 82 100 25 43 147 239 205 79 165 131 252 69 125 10 118 235 148 238 142 150 246 220 205 252 149 200 232 82 228 49 240 177 161 166 201 190 242 137 221 138 180 19 17 183 16 152 249 221 79 12 
71 43 239 199 138 82 246 133 21 158 134 177 60 102 178 227 199 167 144 167 160 236 143 128 207 113 11 44 168 135 31 42 67 58 187 122 45 50 246 164 93 215 165 251 106 185 44 35 251 46 148 209 126 61 222 210 29 186 151 79 237 179 173 79 105 11 129 125 32 101 61 44 170 67 104 152 224 111 184 110 77 155 39 143 223 68 72 17 226 220 220 135 47 39 161 131 161 230 106 89 
201 179 116 37 227 44 248 15 8 83 253 205 165 53 112 106 43 202 118 70 8 29 1 95 215 172 162 206 211 18 158 149 146 227 67 151 240 216 124 232 73 44 164 71 235 69 152 233 202 151 16 121 118 198 47 92 75 10 88 57 231 216 68 185 226 191 81 139 185 144 29 172 10 193 84 229 7 19 198 149 37 115 189 176 20 30 141 8 244 9 108 203 198 128 132 77 32 13 71 8 
37 155 3 226 181 219 182 174 225 231 35 244 162 38 37 245 202 111 68 234 58 113 134 141 86 82 135 218 182 150 204 23 30 67 85 18 177 66 113 170 97 9 215 144 170 119 241 79 128 255 123 138 134 9 77 133 128 149 117 232 11 34 137 191 140 206 60 196 102 190 46 225 112 192 9 241 166 47 201 199 30 24 91 113 62 154 106 189 45 147 118 253 135 121 38 8 85 133 223 129 
60 23 149 92 244 86 225 157 252 22 84 99 140 0 12 38 204 236 132 61 67 146 176 163 146 98 74 250 98 176 103 208 155 20 77 34 214 17 136 30 22 244 59 45 178 255 181 49 150 199 68 11 172 219 78 97 148 166 157 158 155 151 251 58 235 127 255 59 255 58 38 252 90 145 37 45 121 95 126 27 6 243 82 49 78 182 118 191 245 13 201 251 232 129 196 70 148 30 82 176 
86 24 226 189 50 181 187 106 199 102 144 107 130 55 85 183 19 106 81 70 29 95 115 25 50 184 233 124 254 186 239 136 194 245 229 235 5 39 165 236 134 94 19 169 116 93 246 163 225 65 6 125 117 100 69 1 95 130 147 100 145 26 125 203 45 23 87 13 58 176 138 187 156 141 46 94 67 43 220 255 162 129 189 237 99 228 231 186 89 40 234 135 182 8 165 129 126 199 95 172 
59 24 19 224 243 60 10 17 87 106 175 211 61 115 160 28 80 166 1 76 6 241 21 108 211 74 15 179 157 77 37 79 111 39 231 98 113 178 207 74 24 225 25 37 154 95 212 148 165 115 58 192 80 39 61 155 82 169 98 105 113 241 210 126 62 164 175 73 0 57 164 145 238 90 192 255 161 141 132 221 200 19 58 29 30 16 137 157 153 237 71 169 228 251 142 194 16 89 18 157 
135 23 177 111 65 155 76 104 58 68 214 125 35 78 170 107 87 246 34 249 18 222 101 125 221 178 128 161 77 12 185 103 237 149 31 107 121 110 102 105 77 206 242 254 28 236 50 179 229 31 47 55 35 67 101 236 69 96 209 165 93 134 75 175 28 251 22 14 254 153 182 8 194 113 1 232 29 180 121 252 175 212 217 224 54 230 238 254 2 75 168 86 169 143 113 123 251 145 189 222 
56 228 227 79 129 118 43 193 141 111 40 78 157 92 72 123 178 141 169 188 253 187 46 59 151 239 211 213 114 158 61 101 144 25 150 70 114 37 151 19 212 229 230 177 151 1 163 144 255 1 61 45 30 250 139 220 144 109 24 196 105 108 190 43 108 254 118 244 126 197 110 101 90 222 92 46 133 9 19 167 133 10 83 90 78 79 230 193 253 210 232 81 200 65 103 183 53 93 44 97 
139 160 215 64 134 34 50 204 79 189 191 73 171 111 147 73 115 1 103 115 68 230 237 130 119 102 96 145 84 252 95 149 130 252 251 43 194 120 15 148 222 101 208 253 219 250 164 4 118 89 56 121 207 113 204 97 95 35 210 65 47 163 184 153 76 34 2 174 118 170 155 140 24 73 109 76 125 113 47 147 64 159 126 91 4 59 48 246 102 191 229 79 48 28 222 116 207 90 19 81 
8 126 127 190 230 176 191 189 247 157 219 252 184 27 100 162 77 11 191 72 117 132 192 68 190 46 123 46 245 235 86 157 225 189 99 50 49 228 237 216 178 70 81 73 197 20 15 213 17 171 33 95 117 184 140 168 64 160 52 208 165 31 244 25 105 47 238 239 223 43 32 37 22 52 57 130 81 212 170 124 183 225 255 67 76 164 112 1 32 59 179 96 199 60 21 78 8 155 201 253 
217 206 128 45 140 46 58 173 67 161 91 31 169 118 1 253 228 144 149 217 197 199 160 233 66 139 224 194 39 202 156 100 8 20 52 119 122 254 252 212 131 196 74 71 78 50 206 147 35 196 34 183 151 12 162 112 0 84 126 255 44 133 14 44 83 71 101 139 73 106 40 254 248 133 161 123 14 220 15 16 243 135 64 36 254 209 98 255 232 223 23 141 129 146 199 94 161 173 58 242 
98 59 102 52 140 43 133 68 81 62 107 121 59 35 23 167 98 224 136 157 226 115 210 242 140 185 112 2 220 144 220 51 43 56 93 125 38 0 32 41 127 30 139 216 227 222 206 200 43 255 187 83 214 89 215 184 183 196 177 30 235 54 114 214 14 43 182 225 174 74 154 178 0 69 22 52 210 1 142 15 193 247 163 40 172 218 79 102 105 121 49 188 182 232 37 100 114 218 24 104 
13 82 27 103 61 123 181 150 242 211 126 5 141 143 233 36 76 60 98 133 9 162 153 227 37 237 29 100 191 15 44 27 41 96 202 209 156 135 16 5 42 158 199 49 245 145 53 79 159 199 55 156 1 5 144 156 32 143 129 94 92 144 154 1 235 187 207 119 134 51 206 137 98 168 144 27 98 195 46 178 139 197 247 51 184 107 191 238 143 20 121 218 179 37 9 34 59 173 83 225 
100 69 152 42 130 59 2 76 61 239 125 84 249 124 201 211 150 155 205 225 90 197 47 97 43 152 33 135 2 124 126 152 156 134 21 241 115 157 69 75 236 219 202 61 210 53 214 2 3 95 99 125 105 234 200 122 44 176 139 55 38 113 119 35 152 190 238 229 27 22 128 160 217 80 188 118 252 56 69 75 103 125 41 203 164 203 111 174 30 52 239 58 145 212 103 10 190 181 202 15 
99 240 219 212 106 21 251 6 97 205 63 51 42 190 198 210 244 175 74 132 106 237 244 153 41 237 117 214 120 50 82 117 51 113 127 110 9 244 48 245 232 60 236 68 180 234 227 154 63 224 129 132 118 163 67 91 216 3 202 14 45 255 46 33 116 227 148 246 29 179 3 76 120 204 115 5 110 201 39 44 111 164 61 54 171 29 132 136 133 96 141 58 68 226 5 27 12 140 65 245 
14 27 27 18 251 199 253 254 190 34 59 143 106 68 166 35 113 37 94 41 24 74 231 227 39 164 127 105 229 181 175 242 67 244 33 79 88 115 177 184 13 191 198 203 26 7 227 210 49 129 121 69 120 10 0 144 61 13 69 21 230 165 6 117 38 6 188 11 119 25 184 186 196 102 113 233 101 55 29 203 81 250 126 228 143 232 255 201 238 228 255 39 246 166 109 6 30 24 149 79 
64 0 57 140 73 224 228 240 53 26 123 151 59 88 21 14 68 43 12 22 162 243 85 165 255 254 12 46 147 244 83 34 155 114 93 183 6 245 198 232 113 250 38 189 85 99 229 204 127 29 81 0 193 0 237 153 232 246 12 116 237 96 159 141 112 181 76 194 97 108 192 218 1 29 69 197 9 227 151 37 40 4 243 14 179 212 114 10 153 214 149 97 149 37 33 151 167 18 45 53 
196 15 121 205 205 204 1 56 190 159 210 34 40 41 29 201 225 55 138 1 249 230 206 124 241 11 128 72 40 209 40 153 150 164 154 201 188 78 130 157 219 96 63 202 101 212 245 183 177 240 221 133 242 110 224 77 106 217 101 168 219 58 103 117 63 244 202 214 184 237 239 124 202 238 134 37 200 77 163 98 140 201 20 158 107 181 243 92 105 89 119 192 168 149 15 81 39 199 178 253 
169 239 112 94 242 17 78 59 57 219 80 82 219 136 215 84 77 4 45 50 84 81 95 151 120 41 75 181 182 229 249 69 117 157 47 201 187 145 63 21 161 199 36 13 4 246 205 176 126 163 185 86 148 138 196 53 49 63 65 42 84 21 72 183 5 63 81 72 141 53 2 186 230 90 70 29 113 219 159 185 231 218 189 80 146 204 79 163 189 31 25 55 105 32 71 89 65 29 1 96 
208 198 63 50 242 217 223 10 136 255 245 120 112 241 98 169 181 222 168 232 2 17 252 101 93 207 157 53 17 126 101 155 236 13 157 134 171 143 22 90 179 41 117 243 2 47 207 232 100 138 118 12 234 93 18 59 152 232 243 83 94 172 165 128 74 207 197 189 251 195 20 151 89 35 202 52 131 221 45 149 9 150 97 24 92 74 130 65 130 51 240 185 14 237 234 151 80 215 95 223 
201 188 0 72 225 179 154 67 221 67 163 56 11 203 19 19 63 33 117 255 131 122 61 113 11 138 92 105 103 236 18 245 252 195 3 246 181 162 142 38 246 169 90 90 210 241 49 5 125 43 18 254 4 131 129 131 59 203 34 125 247 213 134 5 126 32 69 40 60 183 77 231 184 87 121 130 198 208 102 247 253 173 130 197 107 23 101 245 136 247 101 91 105 91 100 26 54 27 237 102 
222 188 128 142 9 148 41 57 79 47 87 239 167 242 236 220 34 254 145 209 217 88 76 140 35 70 84 57 12 252 36 57 3 119 206 33 211 170 146 6 213 216 175 248 99 65 121 204 143 0 172 31 21 52 0 151 143 94 253 108 232 10 17 39 19 178 224 170 253 223 219 113 192 145 20 23 25 225 80 28 28 229 94 229 38 212 168 4 20 106 8 186 178 142 221 186 118 51 93 48 
111 124 45 2 120 35 47 86 177 27 155 84 48 116 81 45 243 128 109 92 25 52 28 44 82 208 175 122 149 195 238 188 17 200 175 66 101 86 167 188 19 55 127 253 50 118 42 254 100 127 119 38 8 130 226 200 177 24 176 238 214 41 59 85 203 13 138 184 239 241 36 81 40 125 38 158 140 180 148 97 97 27 237 234 72 29 2 152 181 174 7 158 162 47 235 3 133 145 229 237 
127 190 80 30 214 52 184 191 165 243 53 92 210 154 247 49 65 205 35 164 71 217 222 18 98 155 166 206 39 158 233 103 123 131 208 42 6 166 92 232 229 254 181 250 159 69 191 129 91 89 237 242 80 227 90 211 124 54 22 191 153 122 189 176 77 9 79 126 161 25 59 162 180 156 189 64 177 100 106 101 254 139 10 141 182 18 165 104 90 200 225 221 195 109 139 80 91 24 115 32 
141 214 125 116 122 148 245 56 238 63 35 98 146 41 31 122 99 175 231 89 98 25 175 49 141 193 120 205 15 120 228 26 180 37 73 231 159 175 4 233 63 29 16 2 127 252 215 194 61 1 71 47 254 240 41 193 224 188 174 177 208 240 75 116 252 77 199 130 139 181 147 91 140 72 89 204 45 204 215 110 46 82 238 113 149 22 246 151 162 168 85 131 5 73 80 52 79 152 33 205 
167 110 73 151 190 6 39 72 5 97 202 134 29 232 4 167 142 84 191 187 189 203 148 204 24 75 154 100 148 76 124 80 89 161 207 164 187 160 162 255 109 130 86 16 241 13 176 89 83 112 44 51 23 110 148 19 112 190 210 11 179 178 3 148 10 24 204 138 109 94 241 120 206 249 35 22 148 6 26 16 75 50 228 9 154 216 125 224 117 106 159 50 147 18 219 32 35 153 233 82 
187 135 61 59 145 140 218 159 237 30 107 83 222 100 144 69 45 83 118 188 143 23 170 224 30 180 47 124 10 237 206 3 140 101 173 209 28 4 35 180 228 156 203 171 116 204 215 237 183 37 167 45 38 140 155 29 59 223 37 49 41 220 34 165 202 62 106 193 217 40 165 92 97 199 97 159 117 52 98 11 34 151 57 189 162 146 25 241 210 221 229 198 231 45 141 65 92 91 155 147 
46 194 9 159 76 233 86 183 73 98 217 166 85 241 84 244 107 241 204 101 204 244 152 195 171 170 185 221 42 4 105 208 133 152 246 133 141 72 209 123 89 30 226 199 56 123 31 89 233 113 93 128 15 109 102 177 223 25 75 132 28 128 252 255 69 116 21 23 13 44 251 116 11 50 40 117 179 125 195 116 133 217 116 75 132 144 118 22 234 67 238 59 26 25 123 168 214 28 14 92 
178 223 252 41 200 100 81 184 174 62 104 205 165 243 184 204 19 164 241 125 52 240 72 12 12 21 14 84 160 88 136 92 101 168 251 34 249 126 6 152 17 7 52 237 179 133 210 13 165 243 254 107 37 231 1 254 218 189 223 137 11 242 44 32 15 206 32 232 4 70 238 30 196 32 82 91 21 88 105 22 32 195 198 106 37 242 194 25 108 89 19 210 127 176 161 175 150 154 149 2 
83 133 178 81 175 209 232 159 53 52 38 237 110 93 113 1 156 215 51 102 170 49 213 180 100 92 143 18 228 84 127 248 76 2 249 58 187 98 31 66 121 225 177 156 117 9 38 185 242 95 251 236 125 140 75 185 34 188 160 79 223 68 9 83 89 135 108 223 206 26 30 203 75 38 177 43 31 14 13 24 143 82 194 180 203 180 157 104 33 153 122 112 113 177 88 154 225 218 179 74 
209 66 14 194 18 204 207 160 82 182 79 168 219 120 50 196 126 239 244 73 201 186 197 124 129 229 151 85 76 196 117 131 173 34 22 175 53 156 178 5 248 71 20 241 63 153 241 38 124 134 120 229 131 233 42 124 246 38 236 13 1 13 90 144 72 2 95 27 30 91 2 97 248 10 131 122 33 124 167 226 175 193 80 195 181 236 80 119 186 189 127 72 106 125 12 123 140 42 16 142 
52 212 105 189 58 71 197 203 234 234 253 254 253 231 165 108 201 140 225 117 180 242 121 145 238 220 48 76 96 225 82 142 223 206 141 32 166 70 1 108 3 171 154 132 80 66 158 102 37 145 130 127 204 12 2 109 245 241 113 9 171 113 77 165 135 16 22 146 36 78 96 230 210 135 40 123 143 24 100 59 51 195 221 155 234 85 65 102 231 133 116 188 87 32 40 90 148 99 173 28 
156 168 10 191 193 70 76 236 162 178 30 114 89 234 154 212 246 19 95 3 45 96 228 108 75 55 12 53 110 143 250 196 246 157 38 130 55 175 176 222 112 88 245 148 1 205 97 47 216 143 132 204 45 74 103 34 111 253 32 191 126 92 164 148 26 115 221 180 156 139 252 89 227 81 17 40 146 53 216 182 121 17 214 74 80 11 165 229 171 188 141 127 42 146 84 148 240 114 86 223 
87 162 216 102 226 231 153 182 116 234 170 112 191 224 128 4 254 106 72 189 231 186 122 254 219 248 177 203 97 228 186 138 210 188 234 11 86 96 181 199 14 180 125 101 147 70 168 131 160 49 245 178 11 65 16 194 250 87 100 65 83 15 48 62 116 161 221 82 37 5 143 226 202 91 250 158 222 137 119 77 156 38 86 205 255 151 118 85 237 119 20 254 175 61 225 130 165 24 87 67 
56 30 76 143 15 166 200 34 134 242 20 236 92 18 19 21 171 4 213 63 30 32 106 11 94 180 244 222 205 235 0 229 119 243 23 86 70 94 143 249 117 201 167 232 70 188 212 147 248 210 85 6 243 26 13 111 71 188 146 218 84 224 130 64 202 203 22 192 213 75 249 44 145 86 90 199 196 238 64 77 204 71 29 52 214 44 167 50 81 159 227 255 163 192 130 92 26 240 113 84 
37 53 172 194 196 224 83 19 61 110 255 77 17 173 86 80 46 32 221 93 102 163 14 212 32 82 171 66 77 168 81 154 158 228 80 195 244 177 186 83 25 5 186 155 173 74 39 227 99 188 89 246 109 18 60 226 52 96 162 249 77 60 222 27 168 32 142 56 11 15 184 16 191 123 25 61 138 103 185 116 221 201 195 8 77 50 148 175 71 176 18 137 0 244 63 94 172 176 14 40 
240 67 117 209 153 152 195 61 142 75 52 139 3 14 194 152 240 76 63 197 194 12 161 251 80 23 157 236 16 93 119 155 139 149 24 30 14 36 97 162 163 64 191 177 63 85 255 176 61 167 100 172 11 58 247 86 36 239 31 75 62 239 113 153 196 76 201 127 134 230 154 117 176 140 130 108 248 100 34 87 28 141 44 234 140 2 189 162 99 194 238 5 156 46 166 43 131 178 178 125 
105 167 23 189 156 120 166 71 151 4 210 150 117 68 191 9 172 46 155 231 247 217 49 162 148 225 187 88 176 13 248 159 32 47 127 130 81 76 83 199 130 253 183 116 48 21 68 145 210 132 56 46 199 124 17 168 141 210 91 41 51 166 198 110 17 70 123 205 182 80 176 118 34 23 122 249 54 72 227 8 104 206 61 126 187 242 182 161 239 199 44 164 244 197 66 113 165 180 179 165 
179 204 230 219 223 26 195 45 109 37 198 248 213 210 81 224 187 133 71 20 33 137 214 211 220 178 148 48 68 64 206 18 48 7 28 126 34 205 57 25 190 244 18 232 129 89 29 91 175 123 236 138 141 224 2 190 209 180 229 51 87 180 117 28 21 74 123 232 81 249 133 196 17 252 242 97 212 42 73 247 127 29 207 138 154 147 88 108 188 20 93 3 68 214 79 204 74 221 43 160 
214 102 79 54 79 134 140 234 54 15 124 188 20 179 21 156 176 108 127 229 134 27 35 39 117 111 5 41 184 8 83 46 23 220 62 120 94 218 8 11 15 206 94 179 84 133 233 72 55 49 32 49 21 14 96 39 80 70 62 59 69 19 28 27 126 35 250 145 40 64 143 76 199 48 152 227 40 218 113 23 151 171 226 89 83 56 59 140 63 37 163 11 218 69 173 238 113 2 44 137 
148 0 73 54 198 253 210 85 120 252 213 144 57 162 110 100 39 224 221 220 169 210 219 160 96 231 47 47 90 67 124 105 137 97 93 80 116 253 179 15 45 49 62 60 131 222 107 90 120 77 109 162 246 22 143 3 189 65 201 103 160 172 145 56 241 172 243 34 58 247 228 27 45 194 212 161 222 38 130 67 48 200 20 99 141 185 103 58 219 155 164 29 171 6 20 254 179 42 53 53 
126 181 13 129 98 247 190 73 179 67 91 40 54 153 250 169 216 131 10 79 160 61 231 217 227 24 172 195 183 32 73 16 169 253 213 71 179 23 37 188 104 254 157 16 114 8 70 251 62 60 33 73 246 110 187 35 176 172 2 144 229 217 87 60 36 152 228 119 7 108 48 128 103 29 240 4 204 93 33 226 39 171 83 49 196 120 72 132 122 136 189 108 37 156 136 63 86 78 227 24 
72 60 8 31 22 104 254 11 44 223 178 229 251 153 73 14 242 161 181 131 169 117 134 96 95 176 3 163 166 230 122 51 93 208 212 33 223 169 108 45 122 215 34 140 35 206 171 232 103 50 43 169 165 59 5 115 123 94 241 239 126 42 80 207 46 112 189 12 41 166 229 114 158 141 152 95 5 18 32 200 13 114 209 124 214 162 225 173 97 238 122 172 69 224 14 244 163 99 235 106 
91 40 15 227 128 73 61 231 10 45 80 181 203 171 208 134 165 114 195 22 249 168 197 97 98 209 91 170 164 243 133 194 223 247 146 135 9 83 56 171 154 230 228 183 137 35 79 79 120 114 82 183 44 211 251 150 63 197 224 250 25 102 179 157 28 219 23 103 31 242 178 51 30 6 132 214 47 36 119 93 184 107 55 151 224 185 67 212 67 132 69 235 234 5 159 130 122 156 70 137 
171 112 211 8 252 86 215 27 166 244 111 58 206 38 25 190 254 160 198 161 214 213 49 134 255 24 110 249 97 1 198 247 150 19 194 177 158 155 134 141 212 219 96 110 32 104 161 53 111 209 172 136 96 129 76 210 64 231 75 138 57 212 64 185 198 36 168 182 106 160 56 52 162 35 114 127 24 252 119 3 25 148 28 14 73 81 63 215 150 185 92 190 106 219 91 213 37 234 172 160 
202 44 150 25 248 18 204 247 29 169 66 48 230 49 62 189 250 10 178 157 231 216 201 28 92 223 192 85 154 175 247 246 37 6 72 67 191 242 151 94 150 54 170 197 189 239 59 28 217 119 76 45 29 138 187 45 120 167 22 64 12 185 176 64 227 247 245 186 221 9 250 58 237 108 89 201 133 23 59 179 79 95 182 142 30 24 90 119 36 253 6 159 101 82 0 7 107 199 69 135 
60 160 30 21 137 19 244 68 40 241 101 11 197 137 152 200 212 202 205 132 201 167 56 121 140 192 15 209 39 62 226 177 194 254 43 118 210 243 38 63 141 197 226 171 161 190 152 228 37 231 61 220 208 110 83 214 105 75 4 41 126 35 113 64 89 109 72 230 48 211 148 192 156 219 218 27 76 198 97 233 251 185 209 5 159 26 0 191 228 61 8 148 216 64 157 61 232 51 157 236 
11 124 233 210 61 122 116 228 47 105 153 223 61 134 178 137 160 115 230 58 229 220 66 156 157 91 11 175 87 153 83 16 203 183 203 122 88 236 216 141 177 111 233 206 211 151 7 240 58 64 174 82 84 114 219 200 54 61 102 158 142 231 146 218 216 74 227 194 213 119 47 158 57 159 248 191 164 52 249 192 212 75 255 12 25 69 250 160 9 174 84 19 116 101 129 211 155 253 216 177 
156 100 161 160 49 194 111 185 154 164 176 131 216 90 130 114 28 157 200 173 127 118 125 20 243 91 73 130 122 154 82 79 150 251 85 26 0 160 245 197 156 49 83 192 173 54 222 139 70 196 109 118 1 92 139 172 242 16 17 111 222 231 251 165 169 131 116 148 14 1 51 234 147 33 10 0 187 167 188 95 125 1 16 132 245 41 35 224 90 205 2 35 48 174 120 186 190 70 37 150 
195 173 208 48 101 189 255 202 106 117 196 247 170 155 217 93 196 165 239 186 17 218 68 37 214 181 116 151 190 138 145 169 135 107 117 159 251 77 87 166 34 103 157 90 182 219 241 139 215 152 151 65 0 127 254 253 58 197 149 66 143 152 223 84 194 5 202 64 61 25 61 28 75 70 240 144 135 9 128 150 149 202 195 125 15 4 89 52 194 165 131 197 27 184 56 32 220 65 118 26 
19 104 215 181 77 218 100 162 7 109 173 4 101 3 26 119 39 176 124 81 216 31 231 40 72 49 196 148 61 232 34 53 102 132 77 248 144 235 162 151 28 78 161 95 177 10 68 54 46 204 143 220 227 249 105 113 0 77 170 56 77 194 117 154 28 179 200 110 125 65 81 119 176 246 132 46 224 168 234 194 14 160 188 94 75 252 176 170 42 82 19 148 117 150 24 80 31 62 112 157 
122 163 26 75 170 171 125 250 90 165 180 36 173 116 41 94 119 240 101 218 174 137 38 49 27 46 178 95 85 109 108 15 240 219 165 26 242 182 180 74 134 201 73 99 245 144 254 100 209 157 47 10 116 58 12 150 169 80 236 208 168 135 229 76 72 175 153 236 112 95 82 166 206 219 82 135 204 59 100 248 192 202 183 65 99 173 236 75 133 197 110 170 255 214 2 218 232 232 159 201 
12 237 127 150 153 165 118 153 28 191 131 163 172 65 165 135 101 41 239 217 25 84 223 245 65 160 236 67 58 78 94 186 174 170 98 163 80 237 94 160 204 98 130 236 253 200 160 228 97 248 61 199 203 199 232 186 88 46 202 15 164 168 127 198 62 220 36 84 89 124 177 164 196 109 137 92 28 40 80 97 64 96 253 157 5 229 48 0 43 200 197 196 144 192 169 246 164 204 236 50 
29 26 24 174 236 40 194 121 111 41 94 5 232 170 88 228 46 117 96 207 162 181 5 236 101 92 133 81 200 194 227 196 4 142 59 196 44 218 83 206 95 146 114 217 66 29 117 35 173 64 31 47 165 63 177 14 139 69 186 223 146 5 49 146 119 162 193 241 108 204 100 224 85 45 51 227 54 3 125 226 236 14 22 41 28 172 241 179 106 67 241 168 235 223 253 36 220 28 83 58 
148 71 30 57 183 192 74 45 173 162 151 169 82 166 236 196 239 69 239 98 106 29 210 181 185 150 111 3 156 197 152 169 140 145 168 96 238 20 94 191 141 68 236 1 71 210 74 9 7 82 208 163 243 157 4 13 230 115 177 182 32 101 57 69 60 242 43 221 99 241 24 159 192 47 163 113 51 88 216 254 74 27 191 254 109 137 48 184 88 190 232 197 207 196 221 22 140 180 207 57 
125 30 32 215 44 171 229 130 127 1 61 173 161 231 226 252 64 170 253 191 249 191 63 185 16 169 45 37 101 30 187 251 163 101 29 111 187 2 218 186 145 149 34 30 244 0 97 36 212 200 20 41 175 190 220 24 77 222 208 121 173 119 24 171 63 140 184 109 84 122 169 164 210 220 46 88 44 172 101 255 145 171 28 254 100 2 231 109 237 41 111 26 78 8 13 209 184 92 152 219 
222 93 123 197 170 158 10 99 47 52 22 19 224 26 190 70 255 212 137 61 88 83 178 17 46 25 195 246 118 157 101 192 67 241 119 167 130 162 93 71 231 224 155 235 39 222 162 10 104 124 233 18 245 36 64 101 55 241 98 161 225 23 201 37 106 127 198 209 192 177 208 12 59 247 29 12 207 191 111 82 135 66 49 115 46 99 194 30 79 218 17 91 97 145 106 17 59 78 143 203 
206 147 11 187 18 195 195 0 65 133 206 36 68 109 134 233 106 218 223 69 96 26 248 171 94 213 240 140 158 168 251 30 18 16 181 92 86 138 182 78 228 248 102 138 135 71 18 251 18 79 64 225 81 250 64 25 64 169 4 159 123 211 50 81 246 239 118 245 238 149 29 126 31 224 224 139 56 22 253 49 140 139 141 250 10 194 17 45 111 214 78 80 186 24 91 236 224 250 248 144 
194 44 33 24 92 4 227 47 63 35 111 19 65 86 109 153 115 186 146 112 83 36 117 169 67 191 158 119 58 247 224 52 186 150 234 165 2 45 24 127 132 182 143 42 153 119 136 196 116 42 236 105 84 90 34 178 254 16 36 123 107 175 217 234 190 29 159 173 121 35 38 130 239 23 133 253 253 184 135 134 245 89 70 161 219 66 252 114 212 83 21 128 219 234 137 185 182 7 104 182 
40 174 183 65 105 141 122 20 211 223 18 228 222 144 201 158 78 162 172 241 171 207 153 12 242 112 152 169 138 157 110 74 121 150 112 194 216 97 150 248 132 181 208 232 23 23 157 234 23 67 217 55 109 205 214 169 24 8 175 194 34 39 217 240 211 162 251 15 38 220 0 48 121 2 106 153 136 54 233 13 156 237 44 77 0 149 247 222 181 124 118 13 102 237 209 49 158 156 0 48 
57 67 225 68 25 142 135 255 26 53 213 141 71 103 76 58 78 111 34 51 49 146 148 145 63 54 125 147 67 74 38 43 251 225 96 189 203 32 208 35 179 91 139 244 127 123 227 6 61 163 128 49 244 19 178 86 147 76 5 160 40 116 22 10 82 253 166 34 249 130 237 12 60 241 48 201 171 239 150 186 183 120 56 95 102 198 119 101 76 117 146 224 182 228 120 213 40 222 218 251 
10 122 133 194 158 63 239 149 53 140 15 92 163 55 114 70 240 117 140 197 80 250 76 218 85 97 243 146 100 205 37 209 102 209 64 78 191 141 238 223 132 26 246 247 232 41 88 108 248 230 152 126 137 35 90 22 110 178 47 75 238 18 175 42 117 79 200 183 137 35 85 47 0 97 242 144 112 147 15 91 232 226 68 153 221 55 228 28 103 160 213 7 174 245 159 145 158 187 194 5 
227 72 77 13 17 40 172 49 34 192 194 155 38 49 56 29 54 128 20 117 170 243 141 207 140 190 29 139 76 222 217 65 180 70 254 2 31 57 204 225 230 247 151 178 28 155 27 18 123 68 16 168 157 115 254 170 112 180 83 162 228 129 179 114 230 99 143 149 146 90 249 169 164 127 182 42 48 232 149 129 148 204 0 61 170 231 209 160 66 32 103 93 207 106 248 160 96 232 40 79 
210 84 219 143 68 161 72 139 204 223 80 113 104 96 13 188 56 25 173 185 234 74 129 68 117 98 81 211 10 29 243 183 71 239 27 158 175 165 117 91 87 74 241 234 225 71 95 174 174 207 59 254 80 122 202 224 62 48 102 20 204 73 21 85 90 242 97 219 203 211 100 36 57 239 35 244 230 203 29 155 118 210 35 118 92 248 105 184 147 158 222 106 142 181 185 177 113 39 84 80 
