23 0
76 2
55 6
15 8
16 14
39 19
15 28
62 36
45 41
68 50
19 53
26 56
68 61
85 64
30 70
32 73
75 76
83 84
20 85
84 89
45 90
88 95
60 105
34 115
65 125
7 130
23 136
38 139
1 147
32 154
24 158
56 168
4 178
29 180
37 187
36 191
59 194
81 196
99 202
99 209
43 210
32 219
78 225
32 232
33 237
17 241
61 247
79 253
44 258
14 264
71 273
89 274
58 279
35 288
16 289
53 298
55 304
98 312
60 321
8 324
24 326
32 327
58 337
21 340
92 342
98 350
10 356
85 360
26 368
17 377
74 387
24 395
65 405
34 412
88 417
81 420
94 428
62 436
66 440
74 449
17 458
2 463
29 473
93 483
43 490
35 500
46 508
79 514
65 522
35 525
59 535
44 536
43 539
49 548
18 552
29 558
1 564
61 569
24 570
56 577
