67 0
31 7
92 9
7 27
15 34
99 45
1 50
48 67
25 87
97 92
13 108
27 111
50 127
78 147
9 161
13 163
8 164
34 175
73 185
27 187
37 202
75 204
34 221
82 230
31 232
21 238
72 247
3 260
58 266
32 278
20 296
75 310
41 329
43 340
42 356
44 369
81 378
36 382
75 392
45 398
15 408
72 411
76 429
97 440
9 460
64 468
93 480
35 484
18 498
78 506
3 520
31 532
57 552
36 560
70 563
24 582
81 599
33 609
71 618
31 625
75 627
13 640
22 656
90 676
90 678
65 685
68 704
98 714
53 731
40 744
98 764
31 784
28 795
63 803
43 812
43 813
71 824
16 829
70 832
91 843
69 853
10 855
97 862
40 874
94 894
31 899
70 904
98 913
29 924
29 937
17 956
60 959
22 975
6 983
64 998
18 999
92 1018
15 1020
30 1038
17 1043
64 1047
35 1065
48 1083
2 1090
3 1104
96 1105
22 1110
83 1130
100 1135
16 1147
18 1157
19 1161
83 1170
65 1177
23 1194
21 1200
26 1202
98 1207
43 1222
94 1236
55 1247
88 1259
69 1276
94 1277
83 1287
93 1291
62 1302
31 1316
13 1335
99 1351
76 1362
17 1363
60 1365
1 1368
10 1377
10 1378
81 1382
48 1388
77 1397
91 1409
30 1422
11 1442
50 1460
33 1479
67 1493
60 1500
85 1515
84 1532
100 1551
56 1569
71 1571
83 1587
23 1605
18 1616
4 1627
45 1640
11 1653
12 1664
45 1676
69 1682
44 1700
79 1707
18 1718
31 1721
15 1739
39 1754
5 1758
75 1766
8 1778
60 1788
36 1798
9 1809
34 1821
34 1836
55 1855
15 1866
68 1884
1 1887
15 1905
92 1918
11 1933
69 1939
52 1945
85 1957
58 1965
35 1982
99 1992
94 2010
4 2029
49 2047
16 2060
52 2067
49 2082
62 2087
32 2088
73 2103
32 2104
63 2114
19 2134
98 2142
13 2161
18 2167
28 2187
8 2190
29 2208
99 2213
71 2233
43 2242
24 2247
37 2262
78 2280
74 2284
57 2297
1 2310
92 2313
88 2314
18 2330
55 2340
3 2350
75 2351
64 2355
22 2375
30 2377
12 2387
28 2390
40 2408
23 2415
77 2423
71 2430
91 2444
14 2445
42 2459
53 2460
20 2474
7 2484
28 2492
9 2502
91 2514
60 2532
76 2545
78 2555
13 2570
36 2580
16 2600
22 2618
60 2638
57 2654
88 2670
1 2677
2 2685
34 2700
58 2705
89 2721
50 2736
21 2752
30 2770
89 2772
53 2784
94 2793
74 2812
88 2827
61 2832
77 2847
22 2853
3 2854
69 2859
23 2876
13 2895
76 2908
47 2909
1 2910
90 2928
7 2938
72 2944
79 2963
11 2972
16 2973
79 2992
94 2997
41 3005
94 3010
25 3011
94 3027
94 3030
61 3044
13 3060
100 3079
36 3091
76 3098
65 3103
84 3123
52 3142
32 3160
3 3163
60 3176
68 3183
26 3195
65 3199
19 3211
31 3223
9 3226
9 3241
42 3261
53 3274
65 3279
97 3291
70 3300
16 3305
88 3316
24 3333
63 3349
16 3360
93 3369
78 3374
30 3379
90 3386
19 3401
99 3403
67 3414
32 3434
78 3449
36 3450
19 3470
79 3475
53 3478
76 3496
7 3503
87 3509
52 3510
80 3524
19 3540
83 3547
8 3566
91 3574
67 3582
26 3583
86 3585
94 3588
97 3595
22 3596
43 3616
9 3619
80 3626
23 3628
38 3640
63 3658
74 3670
72 3690
59 3696
73 3714
78 3729
5 3738
29 3752
31 3753
66 3766
15 3771
33 3786
57 3801
6 3820
39 3839
56 3844
11 3848
11 3852
83 3863
41 3864
48 3873
17 3893
63 3900
100 3914
50 3927
92 3941
88 3945
7 3953
80 3954
73 3964
4 3984
57 3997
39 4014
82 4032
83 4047
41 4051
17 4070
94 4082
31 4090
39 4097
21 4110
13 4116
73 4122
70 4124
20 4137
54 4139
45 4156
67 4164
96 4174
95 4176
9 4193
16 4200
72 4201
94 4202
45 4209
17 4217
90 4223
59 4240
48 4252
98 4262
3 4276
51 4287
22 4294
22 4299
38 4300
98 4314
80 4326
9 4331
73 4334
1 4351
66 4367
75 4385
9 4397
4 4400
55 4401
26 4408
34 4410
33 4425
67 4438
79 4439
32 4450
63 4462
12 4466
49 4469
39 4482
3 4489
97 4493
8 4494
64 4505
14 4506
9 4508
7 4510
17 4525
88 4528
29 4536
69 4540
100 4544
70 4562
89 4572
36 4588
92 4603
1 4614
18 4632
4 4637
61 4656
88 4666
79 4680
92 4691
76 4702
41 4718
3 4733
77 4735
20 4755
7 4765
20 4782
21 4799
78 4816
21 4829
54 4836
21 4849
29 4861
50 4875
28 4892
74 4893
54 4913
14 4918
45 4920
79 4937
9 4948
35 4951
95 4952
96 4966
65 4976
56 4986
20 4996
68 5010
56 5016
19 5033
56 5045
8 5051
4 5070
53 5080
95 5098
30 5106
55 5115
20 5132
89 5135
54 5141
35 5149
75 5157
44 5172
88 5187
58 5204
41 5211
51 5221
