97 0
41 8
18 12
91 18
4 19
19 24
51 28
71 32
82 39
6 43
63 51
74 53
22 59
54 69
88 70
36 76
23 83
80 93
66 98
24 99
77 101
16 110
19 117
47 125
42 133
29 138
30 147
21 151
3 159
79 160
27 164
26 169
70 173
52 181
64 183
90 191
34 192
11 201
51 210
54 216
90 225
4 232
61 235
84 238
100 244
89 253
72 263
50 272
95 278
45 283
36 290
91 291
94 300
5 302
58 310
39 311
6 316
89 322
76 325
95 335
39 339
91 342
70 345
47 355
59 358
28 368
44 369
13 371
28 377
41 383
8 385
20 394
94 404
42 407
76 408
82 416
74 422
94 424
42 434
36 442
48 447
4 452
53 457
89 460
50 464
47 470
58 480
51 482
30 491
55 500
41 504
100 510
87 518
36 523
19 529
54 534
12 539
58 540
62 549
35 555
