82 0
47 5
72 13
37 23
66 33
46 43
14 48
90 55
49 63
51 73
14 83
57 86
41 93
37 98
9 100
19 103
22 105
50 107
21 109
70 110
90 113
21 118
3 122
100 123
91 130
31 140
34 147
40 151
93 158
45 167
78 172
44 181
9 191
19 193
98 195
53 202
22 203
83 204
97 212
6 213
83 220
14 222
64 227
73 237
7 243
82 252
54 258
67 268
31 274
66 280
98 282
3 287
86 291
61 292
56 294
64 297
64 303
86 304
7 314
70 322
42 324
60 332
48 340
40 344
83 348
39 354
49 362
32 363
11 369
29 373
39 375
57 380
90 387
2 389
92 390
60 394
84 403
52 405
93 409
19 412
59 419
11 420
85 424
16 429
95 434
73 438
19 447
70 454
76 458
19 463
87 468
82 472
4 477
5 485
57 495
60 496
58 500
73 504
7 514
43 515
