25 0
77 7
3 13
63 21
59 23
73 30
72 33
65 41
63 44
19 51
50 56
99 60
98 68
55 77
96 78
76 82
56 89
24 96
78 101
40 109
70 113
4 117
28 121
36 131
94 140
40 150
61 151
16 159
30 161
80 163
32 166
79 167
100 177
19 182
62 187
10 196
60 206
17 212
6 215
93 218
40 221
58 228
79 238
55 248
46 257
41 259
1 264
74 266
85 271
18 275
8 278
5 284
69 290
71 298
39 303
55 312
9 318
23 324
13 333
58 337
79 338
97 348
63 349
52 355
44 362
46 372
35 378
76 383
95 392
2 397
78 404
83 406
9 408
62 415
71 422
11 426
52 434
21 436
41 438
11 447
55 451
65 453
60 461
92 469
35 474
58 475
100 485
93 494
53 503
76 512
100 516
39 522
32 532
67 533
20 542
37 544
59 552
69 555
75 559
9 563
