71 0
18 12
16 27
78 41
75 54
1 59
15 63
19 66
99 69
54 78
96 79
18 98
39 107
38 123
51 127
22 135
2 138
40 141
16 149
41 155
77 172
1 185
41 190
35 202
2 204
28 215
37 235
83 249
9 261
54 278
77 283
51 292
98 304
26 324
70 342
92 353
28 365
93 380
24 394
24 404
48 418
27 434
44 451
30 465
63 473
48 475
3 483
5 488
39 498
23 513
48 524
80 529
57 538
2 554
21 555
94 572
16 581
35 586
19 594
91 595
92 615
76 635
13 650
1 667
80 682
60 685
60 698
4 717
24 730
96 735
85 744
74 762
23 777
78 779
44 788
51 795
61 815
100 835
70 852
85 868
85 877
9 883
57 890
76 907
80 923
26 943
6 957
39 974
80 976
66 995
97 1012
48 1023
58 1029
78 1045
12 1059
28 1066
87 1067
90 1081
78 1094
64 1097
50 1098
21 1104
18 1124
61 1125
28 1137
88 1153
21 1159
88 1164
82 1180
27 1193
30 1204
18 1217
26 1227
10 1236
41 1255
89 1269
9 1278
65 1281
15 1285
68 1303
74 1305
88 1306
31 1308
99 1314
53 1325
19 1344
20 1346
67 1356
21 1369
98 1378
32 1396
46 1398
86 1413
34 1432
35 1452
93 1461
55 1464
14 1470
21 1478
47 1495
33 1513
50 1531
19 1548
84 1559
60 1569
66 1576
65 1584
23 1598
69 1611
100 1621
100 1623
39 1632
78 1640
5 1643
14 1659
70 1666
35 1668
15 1685
45 1700
48 1703
48 1707
70 1714
55 1729
81 1735
17 1736
18 1743
40 1756
98 1766
100 1779
78 1786
5 1793
84 1799
53 1818
36 1832
59 1844
92 1847
97 1855
98 1868
74 1874
79 1889
2 1896
17 1916
6 1933
82 1942
60 1947
21 1963
16 1978
11 1987
59 2003
87 2023
45 2035
54 2037
22 2051
5 2068
97 2077
37 2089
41 2109
13 2116
65 2118
32 2127
99 2132
30 2144
14 2146
17 2152
76 2158
93 2172
71 2175
32 2176
12 2185
72 2200
30 2216
15 2221
1 2241
50 2255
51 2267
75 2286
61 2298
48 2302
11 2316
85 2329
81 2346
25 2347
37 2352
50 2367
78 2381
75 2396
16 2407
34 2410
15 2417
47 2432
35 2436
52 2438
17 2458
13 2462
83 2475
7 2493
25 2513
9 2527
28 2534
74 2538
29 2542
66 2562
75 2573
93 2582
99 2594
78 2605
9 2621
61 2628
43 2639
35 2659
46 2673
20 2683
29 2695
19 2714
66 2725
62 2726
32 2735
60 2747
79 2761
80 2769
92 2788
5 2798
76 2812
16 2820
21 2829
99 2845
28 2858
99 2871
100 2876
64 2885
20 2888
93 2893
4 2900
59 2901
72 2911
8 2926
7 2936
45 2937
18 2946
1 2950
60 2957
48 2965
33 2976
52 2985
79 2991
47 3007
23 3021
79 3029
21 3035
41 3039
90 3049
19 3059
79 3070
41 3071
18 3080
66 3084
34 3085
32 3105
97 3107
71 3120
2 3124
54 3132
61 3141
77 3160
22 3167
27 3185
5 3199
96 3217
40 3236
23 3241
96 3244
29 3255
83 3258
37 3262
4 3282
29 3296
96 3306
79 3319
55 3325
62 3334
43 3340
96 3349
13 3359
96 3366
4 3371
9 3383
16 3400
9 3402
86 3418
40 3421
78 3437
97 3451
33 3457
23 3467
66 3473
2 3476
65 3495
10 3509
94 3520
53 3535
44 3537
56 3539
54 3548
74 3567
44 3568
85 3587
31 3605
35 3622
86 3636
94 3649
8 3655
62 3667
4 3672
23 3689
68 3692
82 3708
55 3710
3 3716
30 3725
29 3742
44 3760
95 3778
63 3792
76 3801
15 3811
56 3823
23 3832
92 3849
79 3854
24 3856
11 3872
67 3878
18 3898
56 3916
52 3927
41 3944
79 3950
92 3960
94 3976
71 3985
71 4000
48 4009
93 4028
58 4033
14 4035
20 4036
39 4045
52 4057
20 4063
21 4075
28 4093
30 4095
32 4105
6 4110
96 4115
72 4117
94 4126
95 4128
16 4140
32 4152
14 4170
57 4171
33 4181
6 4187
39 4192
75 4209
90 4211
96 4228
100 4233
58 4245
81 4252
99 4266
5 4270
85 4290
74 4310
56 4317
63 4323
25 4339
43 4358
44 4371
43 4391
82 4405
86 4413
88 4426
51 4446
8 4457
62 4473
17 4490
100 4497
54 4505
9 4517
52 4530
76 4535
61 4547
26 4551
78 4567
1 4584
14 4593
76 4611
85 4613
76 4624
43 4634
85 4645
9 4651
82 4658
62 4678
4 4680
47 4687
54 4692
73 4699
62 4709
65 4717
44 4725
46 4736
12 4742
12 4747
51 4764
72 4765
91 4781
71 4798
20 4801
56 4806
46 4822
6 4842
84 4857
65 4868
20 4880
96 4900
9 4903
20 4923
3 4926
51 4943
13 4947
71 4967
25 4974
32 4984
21 5001
45 5003
29 5016
28 5020
75 5038
4 5055
82 5060
15 5072
60 5088
74 5091
79 5096
16 5111
98 5120
24 5122
41 5127
7 5146
78 5156
29 5169
12 5182
45 5190
98 5205
99 5218
22 5221
55 5238
