8 0
88 10
33 22
6 24
61 27
15 28
16 44
24 57
98 66
52 71
67 79
37 82
90 96
2 107
2 112
26 122
70 132
20 140
17 144
66 146
58 166
27 173
79 179
87 181
94 185
21 190
2 192
57 206
54 209
25 228
67 236
30 243
89 253
16 273
8 283
38 291
82 304
29 306
72 312
61 313
66 317
81 336
64 352
3 356
19 369
40 374
6 388
55 401
73 419
5 435
28 455
20 470
41 475
29 495
25 503
81 510
28 518
8 535
11 544
26 545
60 553
90 558
57 567
35 583
96 591
83 605
3 609
60 621
26 626
3 632
48 640
3 659
99 676
30 689
14 702
59 716
54 734
16 741
42 757
100 768
47 773
50 784
47 789
100 807
70 812
62 832
59 842
67 847
73 850
39 863
37 867
96 869
17 870
34 880
83 886
73 896
56 901
37 921
61 940
78 945
12 957
24 971
60 978
58 992
98 1005
34 1011
92 1025
100 1039
20 1040
92 1052
10 1066
31 1071
79 1074
18 1089
34 1091
61 1101
81 1112
75 1128
53 1137
19 1147
63 1155
32 1175
79 1190
43 1199
31 1211
17 1214
38 1215
40 1220
24 1236
91 1245
80 1252
82 1256
96 1258
4 1276
13 1282
23 1285
8 1297
29 1304
86 1307
33 1314
56 1318
58 1326
30 1334
58 1348
65 1368
16 1377
13 1385
31 1397
34 1409
54 1413
95 1418
88 1422
8 1427
29 1446
77 1457
75 1458
64 1471
47 1490
16 1498
97 1509
13 1511
39 1520
64 1523
78 1536
22 1554
19 1572
45 1574
16 1584
40 1598
7 1605
64 1623
68 1625
61 1638
28 1655
3 1662
47 1670
22 1681
18 1685
32 1696
62 1715
33 1723
29 1730
94 1743
58 1754
11 1761
65 1762
83 1766
33 1777
19 1779
89 1795
55 1806
86 1816
36 1834
83 1836
83 1840
56 1851
11 1868
9 1872
70 1879
3 1885
70 1891
49 1907
27 1924
80 1939
1 1947
53 1959
39 1966
73 1970
36 1986
95 1988
83 1990
95 1995
59 2005
67 2007
80 2017
10 2025
80 2034
12 2041
22 2042
3 2056
12 2065
9 2076
57 2079
97 2097
53 2098
9 2111
62 2128
99 2143
41 2158
42 2165
58 2181
51 2185
86 2201
61 2205
9 2225
26 2230
71 2237
69 2253
12 2269
48 2270
24 2283
8 2295
87 2305
80 2312
10 2327
3 2339
39 2359
98 2366
83 2371
18 2380
88 2383
51 2387
87 2405
17 2408
52 2428
44 2444
37 2451
3 2468
2 2475
19 2480
2 2483
43 2496
3 2514
24 2530
68 2532
33 2547
44 2552
36 2561
31 2581
48 2600
5 2605
100 2609
7 2621
63 2638
83 2640
19 2644
28 2659
23 2673
34 2691
43 2706
68 2709
15 2715
87 2729
60 2747
68 2761
40 2763
95 2781
65 2793
99 2800
96 2820
49 2830
8 2846
16 2848
26 2863
12 2880
22 2897
96 2907
99 2921
94 2939
59 2950
45 2961
23 2967
86 2985
82 3005
72 3014
78 3016
46 3023
11 3025
96 3038
51 3050
61 3067
78 3076
7 3080
95 3091
54 3104
30 3123
87 3136
70 3148
10 3168
15 3181
71 3187
4 3206
45 3215
34 3216
9 3227
5 3228
69 3240
41 3252
62 3264
69 3265
49 3280
20 3290
90 3299
48 3311
87 3320
76 3331
47 3336
19 3351
50 3352
75 3369
90 3382
61 3387
52 3400
66 3401
33 3413
94 3432
65 3441
53 3458
21 3477
83 3487
13 3501
46 3513
68 3532
55 3549
17 3558
14 3565
4 3584
99 3586
42 3594
45 3610
11 3619
62 3630
20 3639
94 3642
72 3652
73 3654
96 3658
72 3660
24 3680
92 3695
50 3714
61 3733
18 3750
50 3760
3 3765
31 3767
56 3778
85 3794
39 3803
37 3804
88 3823
99 3843
16 3856
78 3865
41 3873
41 3876
1 3890
46 3893
21 3911
7 3930
63 3942
98 3960
61 3977
18 3986
71 3994
92 4000
9 4017
57 4033
17 4040
96 4052
15 4062
92 4077
34 4095
4 4101
28 4108
15 4115
7 4117
89 4126
38 4142
86 4145
71 4163
95 4169
10 4182
34 4200
92 4217
99 4220
11 4230
31 4231
57 4246
8 4255
41 4262
11 4269
17 4286
61 4292
34 4299
9 4302
30 4317
56 4331
16 4346
75 4351
87 4355
22 4362
100 4380
31 4394
22 4403
9 4405
32 4425
46 4444
46 4463
4 4476
70 4484
91 4487
54 4503
49 4504
42 4511
84 4518
99 4520
18 4539
95 4543
99 4561
77 4562
55 4582
90 4593
11 4604
2 4611
45 4630
45 4646
16 4666
49 4677
21 4688
73 4692
65 4710
4 4730
21 4746
52 4766
13 4767
47 4773
74 4777
86 4784
97 4803
58 4804
56 4819
28 4825
91 4835
97 4845
1 4854
52 4861
94 4876
67 4879
77 4892
25 4912
55 4931
62 4934
43 4951
17 4957
45 4972
36 4981
37 4999
6 5019
65 5028
49 5044
36 5047
32 5062
42 5073
78 5079
89 5093
9 5095
30 5111
75 5117
65 5125
