81 0
84 1
57 4
97 6
75 14
19 20
17 29
38 34
13 40
1 45
67 50
99 52
60 59
94 63
90 72
50 81
85 86
11 87
76 97
22 102
36 110
45 117
85 126
79 129
45 137
30 147
35 156
61 163
3 171
70 175
60 178
29 183
47 188
91 190
77 191
53 195
28 199
49 203
36 208
28 212
42 222
7 229
55 236
95 241
50 243
31 249
71 256
48 258
99 266
17 276
81 277
2 284
72 289
16 295
68 297
79 301
3 308
26 314
36 315
76 320
66 322
8 332
47 342
68 352
74 362
8 363
87 372
97 373
14 377
73 387
86 397
53 406
24 415
6 422
77 424
74 425
72 433
42 440
21 444
57 451
66 456
28 460
33 470
6 478
12 488
92 498
13 503
57 507
84 509
88 512
75 522
7 523
86 531
28 541
49 551
78 555
32 556
61 565
4 566
80 568
