30 0
69 15
49 18
40 32
92 52
20 68
50 86
96 98
26 110
22 127
35 131
45 144
80 148
89 158
58 177
64 185
17 189
43 209
61 226
47 237
90 248
46 262
27 280
45 291
48 296
59 306
87 319
69 333
33 336
58 343
99 363
55 367
19 383
27 396
98 415
49 428
71 436
7 438
18 444
99 446
52 460
5 465
66 469
91 474
33 481
100 484
28 488
17 491
97 504
59 524
71 543
91 544
6 546
99 554
93 569
53 583
89 596
19 612
78 631
77 643
11 656
45 668
79 682
8 690
87 693
81 712
64 730
39 739
9 757
68 773
38 784
31 798
67 812
10 829
36 841
41 847
88 851
22 855
10 869
98 877
52 882
90 894
41 907
56 908
24 924
52 934
75 954
2 964
32 971
2 980
61 997
47 1001
67 1019
34 1031
3 1047
78 1053
28 1069
38 1078
94 1097
47 1104
56 1111
88 1124
62 1133
41 1152
13 1166
7 1167
47 1187
65 1207
44 1218
64 1234
4 1254
93 1265
8 1285
41 1296
51 1316
98 1330
49 1346
44 1349
73 1362
84 1366
33 1373
96 1380
12 1384
89 1394
37 1395
63 1411
63 1422
58 1435
92 1444
90 1446
32 1458
44 1469
82 1480
44 1498
58 1504
7 1510
73 1525
94 1545
22 1555
30 1568
36 1574
36 1582
58 1601
41 1608
67 1614
26 1628
97 1643
25 1647
19 1663
71 1667
92 1675
83 1691
100 1705
97 1709
23 1717
65 1722
61 1737
23 1741
88 1743
38 1761
97 1764
13 1767
74 1769
21 1782
49 1796
31 1807
54 1812
23 1822
63 1834
9 1845
49 1849
40 1851
49 1870
80 1874
84 1885
22 1886
67 1896
75 1913
55 1928
85 1937
100 1942
18 1950
42 1961
75 1962
85 1970
26 1975
34 1995
61 1997
99 2012
66 2031
40 2033
60 2046
57 2059
79 2067
64 2075
40 2087
99 2102
61 2109
63 2113
96 2121
88 2128
87 2145
93 2151
39 2153
40 2172
66 2187
67 2202
20 2210
34 2215
98 2226
21 2246
27 2261
83 2279
11 2283
20 2297
77 2317
52 2337
37 2338
13 2355
19 2371
11 2385
92 2399
65 2410
58 2415
79 2424
40 2436
14 2455
84 2460
71 2462
61 2469
15 2473
6 2481
66 2482
56 2489
68 2494
24 2505
65 2506
96 2520
17 2540
23 2553
67 2563
81 2564
11 2578
57 2592
91 2608
24 2612
99 2622
15 2634
58 2637
72 2638
77 2641
82 2657
90 2664
73 2665
57 2673
98 2680
55 2684
13 2692
32 2703
46 2706
9 2714
2 2729
48 2734
33 2739
59 2756
72 2757
59 2762
9 2776
37 2778
25 2786
48 2796
63 2800
50 2802
27 2813
22 2824
77 2835
11 2853
7 2868
22 2879
59 2889
25 2906
2 2914
24 2927
38 2932
74 2940
70 2951
42 2961
47 2972
93 2985
84 3000
71 3003
92 3018
97 3031
61 3033
13 3035
45 3039
13 3043
20 3053
35 3066
36 3084
18 3089
97 3107
55 3123
45 3131
79 3151
60 3163
48 3181
18 3191
24 3201
70 3207
21 3223
7 3229
63 3242
87 3258
96 3261
71 3266
5 3284
29 3301
11 3302
25 3310
85 3315
27 3321
70 3333
27 3338
3 3339
71 3352
2 3363
90 3376
18 3381
94 3396
39 3407
96 3415
58 3418
84 3430
66 3437
56 3447
42 3453
57 3462
31 3475
44 3477
7 3494
28 3507
32 3509
1 3516
15 3520
7 3534
35 3545
49 3558
6 3566
32 3569
32 3585
12 3600
7 3607
73 3616
88 3630
100 3634
31 3641
85 3644
15 3654
13 3673
29 3679
72 3695
70 3707
20 3711
68 3719
2 3724
49 3735
23 3749
76 3759
68 3777
42 3790
75 3791
100 3809
61 3820
99 3829
32 3831
41 3845
46 3858
19 3873
61 3881
21 3897
2 3917
5 3921
73 3940
12 3956
10 3967
67 3971
70 3976
94 3988
73 3989
64 3998
28 4017
98 4025
5 4029
62 4043
86 4060
64 4072
19 4090
36 4097
100 4112
11 4116
78 4134
5 4144
7 4152
68 4170
97 4175
6 4195
84 4202
57 4216
92 4219
87 4230
85 4238
70 4249
91 4261
50 4277
78 4278
10 4298
34 4315
94 4333
40 4344
87 4355
21 4370
29 4390
57 4394
65 4404
80 4408
78 4409
65 4425
34 4443
52 4458
7 4462
50 4468
61 4473
60 4487
16 4506
61 4515
2 4520
84 4522
53 4530
66 4535
31 4544
49 4552
4 4561
47 4567
13 4571
59 4580
44 4585
17 4590
35 4593
5 4600
82 4610
72 4625
89 4626
56 4638
71 4643
75 4650
70 4652
87 4672
23 4685
66 4694
55 4700
47 4711
87 4716
93 4722
45 4731
89 4740
27 4744
79 4764
53 4782
47 4786
73 4803
20 4808
51 4822
62 4840
12 4842
10 4847
27 4863
86 4880
69 4883
92 4897
94 4909
91 4929
9 4931
73 4948
62 4966
14 4975
68 4976
22 4996
70 5005
49 5008
3 5013
7 5028
25 5030
98 5037
47 5040
33 5048
95 5059
85 5079
99 5090
95 5095
