43 0
91 6
1 26
17 37
28 48
82 56
13 61
10 81
24 90
75 102
42 115
86 123
94 125
98 129
62 148
68 152
63 155
66 173
90 181
39 200
45 218
46 227
40 228
99 236
5 237
87 240
80 248
39 250
37 268
66 274
16 278
96 279
1 288
56 301
93 320
32 340
54 347
12 358
64 375
72 382
18 388
42 392
18 407
16 416
45 428
76 436
79 438
46 442
59 453
83 470
28 478
98 479
34 482
57 491
100 510
55 512
52 525
30 536
66 555
89 563
66 571
70 575
16 581
41 585
34 597
76 601
9 608
31 627
38 636
69 641
32 654
95 659
50 669
17 680
34 690
6 693
46 704
65 712
76 719
77 721
12 722
55 733
10 745
27 761
25 768
96 777
16 783
5 790
89 799
56 813
56 827
84 842
78 847
24 865
37 882
87 899
21 917
43 923
85 930
44 950
56 964
46 978
72 980
43 984
13 989
35 1004
34 1010
22 1021
57 1027
5 1042
9 1058
70 1071
48 1086
61 1099
60 1112
24 1130
15 1147
46 1155
92 1172
76 1176
9 1186
26 1187
78 1205
17 1217
28 1230
10 1245
90 1265
14 1280
42 1291
81 1299
49 1315
66 1329
49 1330
53 1333
80 1344
28 1349
53 1355
64 1364
59 1366
100 1371
74 1382
40 1388
14 1393
15 1412
58 1426
75 1429
38 1439
46 1448
51 1450
31 1457
16 1474
63 1478
2 1481
55 1493
72 1504
55 1522
40 1542
87 1546
75 1566
34 1569
89 1571
71 1581
94 1595
57 1601
84 1620
20 1632
52 1645
50 1652
48 1669
97 1677
7 1692
26 1708
29 1711
98 1724
7 1739
78 1756
11 1769
52 1781
85 1789
74 1791
64 1792
27 1802
84 1803
68 1820
62 1822
50 1824
67 1844
57 1850
15 1863
83 1872
92 1880
39 1881
35 1900
55 1903
34 1919
97 1935
40 1955
66 1967
36 1983
94 1994
17 2002
44 2020
12 2029
97 2034
50 2047
52 2050
4 2056
17 2074
89 2076
32 2081
79 2088
95 2092
64 2107
95 2127
48 2141
18 2145
84 2156
17 2176
49 2190
17 2210
55 2226
14 2231
62 2237
13 2257
66 2260
39 2272
63 2287
38 2290
19 2305
34 2313
69 2324
2 2328
20 2345
99 2361
32 2376
42 2383
94 2393
61 2402
89 2412
90 2428
25 2429
4 2435
94 2441
48 2457
90 2477
13 2495
25 2511
78 2523
28 2531
27 2532
20 2544
50 2555
90 2570
32 2586
7 2601
61 2602
84 2608
14 2612
20 2615
45 2630
88 2631
94 2651
89 2666
52 2677
45 2697
8 2706
97 2724
95 2727
23 2729
64 2732
11 2738
44 2757
52 2760
78 2778
81 2784
43 2789
22 2796
91 2799
97 2805
90 2811
14 2821
1 2832
91 2835
25 2839
70 2847
77 2863
1 2873
45 2892
7 2904
32 2920
28 2923
68 2937
16 2943
46 2954
66 2974
43 2986
36 3004
57 3018
66 3019
42 3032
67 3036
11 3056
81 3075
56 3079
69 3091
32 3109
11 3120
55 3136
72 3153
23 3161
14 3166
27 3168
98 3188
89 3203
58 3218
60 3229
29 3244
2 3247
18 3256
83 3263
49 3267
65 3283
93 3291
65 3305
49 3314
92 3316
82 3325
51 3344
93 3351
21 3354
19 3371
78 3391
85 3392
61 3409
34 3417
40 3432
20 3436
52 3450
78 3458
44 3471
13 3473
75 3490
67 3494
94 3509
45 3517
88 3525
33 3528
84 3543
6 3544
41 3557
20 3565
14 3582
93 3593
49 3608
62 3618
2 3633
64 3648
17 3657
31 3668
52 3675
89 3686
20 3701
24 3707
67 3720
81 3729
42 3734
16 3744
65 3760
81 3762
56 3779
10 3781
67 3785
39 3786
22 3787
100 3791
50 3797
25 3812
55 3828
84 3840
74 3845
61 3863
72 3867
14 3876
26 3880
47 3888
13 3898
92 3910
81 3920
30 3931
46 3946
76 3947
90 3967
90 3968
98 3983
49 3986
29 3990
55 3993
39 3994
58 3999
44 4001
16 4003
63 4007
1 4011
10 4023
32 4030
48 4047
81 4064
46 4082
20 4094
77 4105
47 4119
69 4139
94 4141
54 4158
72 4168
83 4181
99 4185
55 4186
85 4205
89 4216
21 4226
89 4246
81 4266
26 4286
90 4303
55 4309
79 4326
81 4338
99 4349
6 4358
40 4374
63 4383
41 4385
89 4391
52 4398
43 4403
91 4422
13 4439
78 4454
80 4462
92 4478
25 4489
39 4505
85 4506
29 4526
3 4537
74 4556
45 4571
85 4574
89 4589
91 4591
86 4605
19 4609
80 4611
91 4627
38 4628
68 4633
96 4650
72 4653
93 4667
57 4686
45 4694
55 4706
60 4717
48 4733
90 4749
20 4752
64 4769
19 4783
34 4787
99 4796
91 4800
7 4811
53 4817
42 4832
26 4836
51 4844
31 4860
85 4865
57 4869
78 4881
6 4890
56 4892
85 4906
43 4919
42 4934
28 4946
88 4965
40 4968
39 4984
18 4999
2 5013
10 5014
38 5021
21 5037
18 5039
2 5059
79 5060
91 5071
35 5085
